1.5011298656463623
1.2351510524749756
1.4239249229431152
1.4335517883300781
1.1989481449127197
1.1584429740905762
1.1188058853149414
1.2305042743682861
1.1825528144836426
1.2737252712249756
1.2290000915527344
1.3317670822143555
1.2273740768432617
1.4151949882507324
1.346379041671753
1.3325328826904297
1.1666069030761719
1.2883081436157227
1.3301336765289307
1.4329030513763428
1.5059258937835693
1.042241096496582
1.2203497886657715
1.3329768180847168
1.4484241008758545
1.5351159572601318
1.84356689453125
1.3296988010406494
1.3312020301818848
1.431056261062622
1.3320631980895996
1.2297182083129883
1.224694013595581
1.332939624786377
1.2279119491577148
1.1412646770477295
1.3184340000152588
1.3287990093231201
1.1664040088653564
1.1653800010681152
1.351553201675415
1.534945011138916
1.118161916732788
1.4424049854278564
1.199897050857544
1.3582191467285156
1.4332642555236816
1.2073521614074707
1.555394172668457
1.350017786026001
1.1481709480285645
1.289849042892456
